0.5579357
0.46544212
0.8984004
0.8707395
0.84666955
0.763587
0.77772295
0.7488138
0.4506702
0.82474166
0.78954256
0.61952734
0.75063604
0.54922646
0.77835655
0.674979
0.78872615
0.7228159
0.5496177
0.52159524
0.8199356
0.853962
0.7786802
0.7852249
0.7201223
0.7145825
0.4991847
0.8036884
0.81453574
0.5602326
0.7201587
0.5999351
0.75502896
0.70022106
0.7829268
0.66633064
0.62252307
0.49493167
0.70432293
0.9459003
0.5911155
0.42752424
0.6624899
0.6832052
0.49752048
0.9140939
0.45742804
0.6135274
0.5485802
0.8012995
0.7037531
0.89837074
0.44836605
0.52338284
0.73016423
0.64881974
0.747747
0.91386926
0.64202857
0.5812787
0.8313282
0.9314187
0.5842278
0.9253098
0.903857
0.60973084
0.91314065
0.6514408
0.59145874
0.86803454
0.90974617
0.92758846
0.53507894
0.76308465
0.8974741
0.80652314
0.9272076
0.54885364
0.9484498
0.6848487
0.95647097
0.594953
0.5091553
0.77467865
0.623755
0.91330993
0.6429726
0.92854995
0.67559487
0.9112937
0.91971904
0.58461905
0.900136
0.9250839
0.95422643
0.49948296
0.9091566
0.5939008
0.8303778
0.94258726
0.36830404
0.8298231
0.6929408
0.8164997
0.91008633
0.39354944
0.9492313
0.8067334
0.9421076
0.68049484
0.74275273
0.9944018
0.9601113
0.61084694
0.95973265
0.7882072
0.9453477
0.6044709
0.8278972
0.85203636
0.9255214
0.7674136
0.89232594
0.9710552
0.6610168
0.9309256
0.97666436
0.9454832
0.7584242
0.9107534
0.84220535
0.94112366
0.6595644
0.9477298
0.96467686
0.79925555
0.7716311
0.91124266
0.7370966
0.9285214
0.68043643
0.96027964
0.9800582
0.66063654
0.79608554
0.8028064
0.9483133
0.61812973
0.9467366
0.9697174
0.6473771
0.725349
0.6335412
0.77787006
0.9220448
0.5803311
0.8537817
0.9699867
0.6608709
0.95996255
0.96609044
0.94132483
0.80376726
0.95577705
0.9135544
0.9447116
0.7132964
0.8089821
0.93153125
0.9377292
0.56285614
0.71931845
0.73056686
0.93130374
0.5783367
0.89506763
0.7735688
0.9355774
0.92431355
0.9049362
0.9769699
0.44698215
0.76070374
0.67753804
0.95789605
0.61957246
0.9494709
0.91539985
0.9648136
0.856089
0.93341506
0.8450192
0.9243504
0.70546097
0.73653835
0.65350044
0.9588204
